c1 c2 c3 c4 c5 f1 f2 f3 f4 f5 LEHR LCSC L-Einstein numberRestarts LCSC Error 
[-0.38092127371776663, 0.1830001367825066, 0.1664099638661748, 0.20279752431033649, -0.04310504497340173] [0.039020755645681394, 0.021435052513020806, -0.013150142362862839, -0.0016302103221055063, -0.0079247593650592883] 2.5550498310407526 True False -1 -4.8656245343892124e-05 
[0.35460748929364416, 0.15154235487884649, 0.29425788089135774, -0.2170301936681942, -0.18830292051064212] [0.0075091288939340417, -0.0023048816827030919, 0.00073061465695513665, 0.029619992822319599, -0.041507450816244532] 2.5387887440650863 True False -1 8.48036518581452e-05 
[-0.4587140688581146, 0.2527355212608795, 0.3550496085672793, -0.3488721186792044, -0.08581653923235377] [-0.036189254983961736, 0.0012125798183715165, 0.031796637754255931, 0.01760120401540987, -0.019212543160992086] 2.5465907476248715 True False -1 6.325923382188847e-05 
[0.019911986565983364, 0.11781488533710471, -0.16747252875080132, 0.2083813977247848, 0.20898488289091122] [0.042615174582758007, -0.023827086429514845, 0.012870941838615379, -0.041889876268510443, 0.0064622164471355853] 2.5538203021279773 True False -1 5.068409717701172e-05 
[0.4037690231407096, 0.20753626233685674, 0.32740737728249003, 0.22777288554958575, -0.16754235472599266] [-0.0073436514776922127, 0.073915552412537722, 0.077618688724820417, -0.037113325540725335, -0.09038170246235791] 2.5163040550229265 True False -1 5.050024751707127e-05 
[-0.23623436200197412, -0.19113515840710804, 0.10670467252878268, -0.048411218102271336, 0.013198089953911252] [0.012349840868933516, 0.034380954217252589, 0.052920839811785261, -0.025089692595262152, -0.013734373376730297] 2.562331471317767 True False -1 3.2264818258020966e-05 
[0.043416642559222396, 0.13848172572455641, -0.24555652318688348, -0.32689803025634123, 0.2797503030502839] [0.099929251118773516, -0.10854185612030273, 0.12170736644471648, -0.092093917501891609, -0.079266307786746759] 2.543196582060492 True False -1 1.6606614502201467e-05 
[-0.44787636961361754, 0.3531426812560946, -0.14386540903444522, 0.35512591341364397, 0.15623348810943694] [0.075434955709093476, -0.049340109606111696, -0.08111650093610151, -0.037804706520568318, 0.037767628825217128] 2.518794524661975 True False -1 4.35516376171563e-05 
[0.3181178012021586, -0.06329850214096944, -0.31359153254756844, 0.21752930098969714, -0.09381624543331357] [-0.02562284709193597, 0.013095205926894069, 0.0061002342498375044, 0.028914555506646018, -0.020457939200177674] 2.5679995532734115 True False -1 6.546389344030956e-05 
[-0.293640432394881, -0.09421166926453584, 0.13390048366140328, -0.025725905833408502, -0.1413950637939465] [0.014036131299712104, 0.032921208595868987, 0.0695799827699074, -0.040968406979611731, -0.059567437596113201] 2.543442839012921 True False -1 -3.738939206954228e-05 
[0.26535084973594525, 0.06251520346958439, 0.3787608892799962, -0.09853298902864249, -0.366832125027413] [0.017693392520313808, -0.068071908398418507, -0.026334628818188668, 0.033610024041593918, 0.030042556744605316] 2.5388153281177126 True False -1 3.472237021373559e-05 
[-0.4513005981055501, 0.15192698425105788, -0.21689862163077078, -0.21202423407033377, 0.4740248898112229] [-0.094113737422686194, -0.081422985244413854, -0.090505446284696298, 0.10218861429347598, 0.087270603393241164] 2.5349936316943547 True False -1 2.055005247125763e-05 
[-0.04176351791059263, -0.2284325924953221, 0.26089276608756007, 0.2313497171992287, -0.24480419684498111] [0.025611099157776016, -0.027096628880089933, 0.026411669105677785, -0.023068433163808189, -0.0098115686260046072] 2.559612305975238 True False -1 5.4649959603914056e-05 
[-0.06950769345011021, 0.1064629746920569, 0.014927935042086116, 0.21824530714771218, -0.294423067103189] [0.030866208266103413, -0.037512375636665263, -0.014214950604887731, 0.034939507146093125, -0.0052703509146930826] 2.566897847017732 True False -1 6.895463641320987e-05 
[-0.13334571908548742, -0.3714689553295929, 0.4609292997241984, 0.3326317882800047, -0.34232351686647167] [0.044021089564291474, -0.080261263112663919, 0.050246524956197317, -0.061141520810912994, -0.10021017475834459] 2.50261065754109 True False -1 2.7086030835121733e-05 
[0.11074630572217548, -0.2688282824136995, -0.39539338822174375, 0.13633585219045263, 0.34122096892439757] [-0.020745701973118577, -0.025595291094742963, -0.0020750215399329181, 0.036262453534603681, 0.029540568169251092] 2.5639710316906914 True False -1 4.428383532939506e-05 
[0.4823730643706866, 0.1599909405159614, 0.4202323085420049, 0.05603403155634323, -0.3462047066098264] [-0.077273997891607799, 0.034462791190136524, -0.0030200370916334172, 0.070166420717929015, -0.10848453678728794] 2.5188820224356743 True False -1 9.551036119859191e-05 
[0.2770026885306205, 0.15229841467911354, 0.21521765362279066, 0.2187241392690883, -0.0025917577263467884] [0.046618193101889728, 0.061234666080770508, 0.056532005556646392, -0.052580802390559067, -0.069902785929102956] 2.525086916111568 True False -1 7.730460758459401e-05 
[-0.22866812350949128, 0.15896115117648535, 0.34549272601798897, 0.35373770915417935, -0.2572433328878446] [0.055192237337749868, 0.059436260319383226, 0.012139089004407709, -0.057163630287447621, -0.05258209471198242] 2.521918940004932 True False -1 7.268923659253801e-05 
[-0.4293524357969659, -0.31279625396886745, 0.09616883525627007, 0.21808145127763923, 0.14068789079127497] [0.075204028377689233, 0.079626475509259359, -0.0088785408021442667, -0.047317015959698255, -0.051885632992034691] 2.5358778649837475 True False -1 9.392978534705776e-05 
[-0.1525803422671983, 0.16495741211789483, -0.020397467750610798, -0.09270755961384836, 0.16114111159860245] [0.0035381541728769896, -0.0055256559172290054, -0.0055580009763779251, -0.0070394663219554149, 0.011641654731301417] 2.579907462937036 True False -1 2.07919163113246e-05 
[0.2065777804284621, 0.23665660408550715, -0.40327365059080367, -0.3941735362196025, -0.16203413901139763] [0.02732853357354853, 0.12293069878078924, 0.029232501263618045, -0.096925391509347592, -0.10274480484103837] 2.512502734227888 True False -1 5.876439295882108e-05 
[-0.06596053407384928, 0.2840267055389094, 0.006228505409056173, 0.35128277066220626, -0.010528848927806811] [0.3466664921633309, 0.34477658176451942, 0.33595721286430835, 0.25686753357100112, 0.35768764370631234] 2.5447108318788914 True False 1 7.41317227346272e-05 
[0.41471802408051506, 0.4627242373225494, -0.22740701717266532, 0.45422060984678336, -0.43663322062959464] [-0.03639874898790995, 0.04195161786908079, 0.057905076151096899, -0.056137647388401969, 0.041045618117232507] 2.4702543925645273 True False -1 4.306075127402664e-05 
[0.0852751699805202, 0.4579365484267781, 0.4524808071009525, -0.23223614039273677, -0.48244215340348706] [-0.10332272685356203, -0.0071516368224646167, 0.029607454180962285, 0.041900257038905986, 0.047068068506187083] 2.5169980141874264 True False -1 4.348021640598887e-05 
[0.1431546620546401, -0.21486524602920543, -0.24333767831856778, 0.04998265430041038, 0.08319206480064789] [-0.011126176333339245, 0.011989763815874403, 0.0060469765720735803, 0.0026111485724269641, -0.0021650705119832139] 2.5803619316507533 True False -1 6.756303030108768e-05 
[0.2404424696105828, -0.1571333754729053, 0.20525778117890514, -0.013597735804093736, 0.08883919410149665] [0.026081869173374971, 0.011230686135061948, -0.013192538730420084, 0.021757641006399028, -0.041174654896963724] 2.5613170013047557 True False -1 8.381794529466191e-05 
[-0.16594843953767835, 0.28195544165858255, 0.20085647229123904, -0.14889402923921247, -0.056248271581338716] [-0.02678449710561431, 0.015421377546859134, -0.0038986967672354129, -0.0065255588071710877, 0.013039683323557436] 2.5760836450531697 True False -1 6.102303941002418e-05 
[-0.09447031925995897, -0.33946529054424757, -0.17745249697426568, 0.41327684176417345, -0.1191440125786114] [0.029361965968215796, -0.056538957397751458, 0.070490471581089231, -0.011948932329376561, -0.011799158672835847] 2.530565904460718 True False -1 3.774463639238945e-05 
[-0.10937601999502033, 0.34878327139040144, 0.3106532868554678, -0.42055529612603404, -0.41363001981934366] [-0.02727234132795292, -0.1779427385298932, -0.19649393971039636, -0.20418717654099375, 0.023065464400181042] 2.509681969435714 True False -1 1.2363493993028385e-05 
[-0.07348405926583335, -0.09590024483627757, -0.0600421794010606, 0.29292371303597586, -0.16300304258066667] [0.019092640719699627, -0.037259103594525195, 0.019776018623195259, 0.002267152180461886, 0.00013673304815601492] 2.5671202123588794 True False -1 2.148718699057639e-05 
[-0.10540084985740616, -0.133381828336243, -0.09922016296230862, -0.4559344689254503, 0.45701025469811785] [-0.11010996048966221, -0.089677758549575839, -0.044845748114600695, 0.058758231455456465, 0.093528559435965372] 2.536423381287946 True False -1 6.90614613851892e-05 
[0.3127578574046951, -0.3971151689621292, 0.16523241361055518, -0.451536288867851, 0.3730113205465301] [0.052475848657251405, -0.10052640816017575, -0.10058761629623605, 0.0031778727159422664, 0.012040351802618709] 2.520529525773426 True False -1 2.6601562007400048e-05 
[0.21241935074621288, -0.17248071983514024, 0.23361805190356444, 0.15999192521491068, -0.30615975435398823] [-0.41547643709401977, -0.45207379088405619, -0.43980958272028448, -0.42005691805504597, -0.40415205965222895] 2.560725325604568 True False 1 3.13397645919089e-05 
[-0.14504516795273825, 0.27546713699576086, 0.3326974611761314, 0.24209132199006922, -0.3776342941925681] [-0.031022911017031141, -0.0052089583280159699, 0.018859089332791082, 0.013151491894885542, -0.00067942596999652841] 2.5495470845642885 True False -1 6.0379514701836e-05 
[0.30077488797104235, 0.45405332149035027, 0.05377307868822012, -0.3916390900107647, -0.33585832883178823] [0.041253405527279158, 0.071085295579797619, -0.01401707215543788, -0.072300055386985557, 0.017642726185972596] 2.516439751302808 True False -1 -4.97792660505425e-05 
[0.23059847181956006, -0.06260172894080163, -0.42339778445055476, 0.24234016104119305, -0.20908854696025636] [0.023772904170095054, -0.03267648010185218, -0.012081268105848354, 0.05618210771541042, -0.048065406391420137] 2.5474011524693965 True False -1 7.943505211027713e-05 
[0.3356308676563735, -0.3973358567094363, -0.28636833855945076, 0.20046148470267477, 0.057271437587329665] [-0.036695185287563922, 0.03362996010608392, -0.018386305264037048, 0.019763609188779917, 0.0013720045608858547] 2.5657231701607883 True False -1 -5.471101039411508e-05 
[-0.08255141038233116, 0.11099919997346863, -0.3705286355198465, 0.05993021072788962, 0.015016589398886615] [0.059298127149722962, -0.053948086565321643, -0.052379478337777161, 0.063905270274499659, -0.088378536661138388] 2.5501704345075074 True False -1 6.107815812583794e-05 
[0.21444258737966249, 0.3820813280470903, -0.3110694730839456, 0.24016881481780328, -0.29672351327569413] [0.031566902167776301, -0.0017478159756948945, -0.043836032110560919, -0.0035617306652110277, 0.0084927026845978935] 2.5235018045602304 True False -1 6.630938111218398e-05 
[0.10903521297467667, 0.4675988767754805, 0.19283713197890817, -0.47243540680676066, -0.14911386621057154] [-0.017531690177255067, 0.087018657464348448, 0.00030631787213152614, -0.09781757640634256, 0.088717615897300955] 2.521168230548321 True False -1 2.8528102513192266e-05 
[-0.10120865284860758, 0.4024868897718006, -0.30110845117440554, 0.1732777321342296, -0.031195514349447007] [0.0923582584424886, 0.0018392039938800019, -0.052229953103643131, 0.022317714546411647, 0.048733592042739013] 2.5283599868304343 True False -1 3.261120119724126e-05 
[-0.21473079014531116, -0.06720684673005684, 0.022523688579151546, 0.27415702498244665, 0.1304708124180951] [0.075421198508618892, 0.059153941626653911, -0.042916749835849741, -0.067528313366635687, -0.024676147780101056] 2.552065313256736 True False -1 6.827816750210047e-05 
[-0.12271179538192822, 0.47608271669872304, -0.16017094950541944, 0.4897582986244615, -0.06576509460511915] [-0.0042602721841125853, -0.036056665856654534, -0.021958960786368623, -0.11270998543044186, 0.13367182663340013] 2.502036064114731 True False -1 2.6218165037228403e-05 
[-0.17259204414343254, 0.20444421136752944, -0.04710801778665963, -0.18248588167996938, -0.013879766967649032] [0.0065129939210339096, 0.021485323936264504, -0.0076207679130510988, 0.001322297941313839, -0.0092922533605842399] 2.573353517760262 True False -1 2.0452688699101884e-05 
[0.23033257581978972, 0.44388950924380843, 0.39070420549226026, -0.04736321755797179, -0.4991133348915371] [-0.091648036915509781, 0.047118174246844412, -0.005191855532944818, -0.010720934215137423, 0.0337681986261891] 2.529787916723874 True False -1 5.706455149034895e-05 
[-0.013691398468493321, -0.16714174516203606, 0.39335338408189446, -0.36734399375621174, 0.11027729046754386] [0.047506630302637812, -0.083441221337733976, 0.0012848655615147143, 0.015756511592431792, 0.024808430285548591] 2.538721025054716 True False -1 6.443392634736256e-05 
[0.38932395781716056, -0.19073398570445055, 0.1627548781264263, 0.44231155273428147, -0.35718659839344324] [-0.085793431441219523, 0.0034092319413524799, 0.051731872320571859, -0.031122607356461964, 0.042767730816696513] 2.5277083726880623 True False -1 6.88659917784662e-05 
[0.19682276852794078, 0.11250511617233983, -0.018166854257241072, -0.11617038083886633, -0.07679828993466153] [-0.53694710493896591, -0.54161761689499155, -0.5463907385763288, -0.55484343282097326, -0.56388287180051422] 2.57743732500791 True False 0 4.3497078131782274e-05 
[-0.015735175825435044, -0.020681776004780272, 0.12787570672625914, 0.16735981257708177, 0.027110116534377005] [0.03075622620189427, 0.037516696655735191, 0.0038068068967788567, -0.017988221190929327, -0.011465401542080485] 2.5715010102547953 True False -1 3.025465195616306e-05 
[0.45512721558021063, -0.1896228876403835, -0.1617973829488566, -0.0019605140988812053, 0.1879498487365362] [0.049554922649484766, 0.0045332404157390517, 0.031851136952594825, 0.046876788111157287, -0.10716170924182807] 2.523232116856336 True False -1 4.942477507086096e-05 
[-0.25769758124297815, 0.07715823172562808, -0.13678570599376527, 0.030677012446763352, 0.25007626863250654] [0.0062411876520426287, -0.008885002208887105, -0.022503589539093347, 0.013236928610791367, 0.01716412725198246] 2.5737276174127315 True False -1 2.9382751503881366e-05 
[0.07127622619534946, -0.13611191718918592, -0.3971266298765964, 0.06998235451708112, 0.4033564404431037] [-0.0093751606469510782, -0.074517944974872546, -0.0076616513003139979, 0.038936548541051344, 0.029661301913355101] 2.5499035488718493 True False -1 -2.9985010399080636e-05 
[-0.06461636029442286, -0.4693097119029548, -0.045418141104002774, 0.40138418900774797, -0.20906759823588894] [0.03543781159171213, -0.019135259372634751, 0.090636415402257309, -0.049379237881493412, -0.0015146265575318354] 2.527876721200045 True False -1 5.3783338453960994e-05 
[0.0763616870911753, 0.17946774330026516, -0.41057330860054875, 0.20186130377141143, 0.12965518769788975] [0.046208817405980054, -0.04665326988982671, 0.032704290596923848, -0.029096882054949997, -0.0071186641098282067] 2.5523137562910128 True False -1 -2.0809032542423722e-05 
[-0.21519313840652388, 0.04610505224832662, 0.43704108164558453, -0.07417200265673396, 0.002209803734832483] [-0.028899501557792646, -0.02671794432334415, 0.056491079762414811, 0.062985883703870704, -0.10096592195883586] 2.544714069340651 True False -1 6.579742290835355e-05 
[-0.36485653092265, -0.09194870862119542, -0.25047928423242594, -0.030975398420075462, 0.4640550835427595] [-0.088765375815371222, -0.06145663560220567, -0.083128485635105526, 0.12838428630874082, 0.10262114911525247] 2.5403737821974883 True False -1 2.2821917746718157e-05 
[0.38695513338363186, 0.35950056997486235, -0.08085765089521069, -0.4338848869527606, -0.47358930105885566] [0.19576653161510041, 0.038072642757793193, -0.096296730022443017, -0.086564528446410424, 0.12084297922248646] 2.503981002347495 True False -1 6.256447407082533e-05 
[0.27270358514384574, 0.16329879950069104, 0.09273563011831742, 0.49460715043587833, -0.10882141110762666] [-0.012981262932423321, 0.06083837740510975, 0.10094607685047735, -0.10448385518373296, 0.0061261332911089483] 2.5061893625987275 True False -1 7.286464070155318e-05 
[0.36579909799529153, 0.3547053663403499, -0.07720701080947423, 0.36403529124554046, -0.4745862285610347] [-0.053985806850676457, 0.031594641359205894, 0.0049404812306427168, -0.0096414659119847604, 0.020446856498955036] 2.527408587155376 True False -1 4.25487900868049e-05 
[0.057072651670812435, 0.05044292814225049, -0.15680110178762796, 0.005673577499552551, -0.1738514261977816] [0.020426134397449995, 0.0043343449614499634, -0.010541928195540796, 0.0045940814915524288, -0.025358669738838928] 2.5721031121913764 True False -1 3.2580629047984644e-05 
[0.10437887807666701, 0.14689441035230977, -0.2954150777291159, 0.3838164956430018, 0.16163632886348023] [0.033799169356902144, -0.043920324046874445, 0.051318664205091957, -0.070812970606882061, 0.015082650747069482] 2.5344297810130922 True False -1 2.9275314813226316e-05 
[-0.10175669181575187, 0.44091914992173453, 0.17707312785359475, -0.2951566971427091, -0.3619018923206989] [-0.037194332149335256, 0.049507505223386296, -0.076270089710980454, -0.043807397763046665, 0.052791672509825263] 2.5389745959745804 True False -1 4.144409723583209e-05 
[0.3706039486362992, 0.19226811410361244, 0.2370953846504218, -0.06799939406232658, -0.43276011570238904] [-0.012440179318378644, 0.014044271848863029, -0.040132765812030874, 0.038822884992194127, 0.001591027049798814] 2.545593901756667 True False -1 -4.640993941418259e-05 
[-0.14427348214828029, -0.15612987175939463, 0.3591656393377145, -0.17076811310613038, 0.17558587322996777] [0.022293440915209021, -0.0093021129367413802, -0.014256103875021395, 0.022180259536663992, -0.063379202323505884] 2.549576027244012 True False -1 2.3897799613870063e-05 
[-0.029501357527105032, 0.21198081678315395, 0.28497879850064545, -0.20162944613925637, 0.15223161406874164] [0.011897126503690543, -0.012192011407994106, 0.029929700151486768, -0.014218151183433786, -0.034160249068723163] 2.549748615914796 True False -1 5.148922881659246e-05 
[-0.36310096837263617, 0.35988767633292007, -0.4799112424400296, -0.18085831595446222, 0.38136411511685775] [0.047626821557779801, -0.062876502193002934, -0.051997129477362389, 0.035507324247133265, -0.024225899008416769] 2.4927628955657823 True False -1 3.570808853936569e-05 
[0.08817054629298915, 0.4652142001179169, 0.19369328815031417, 0.0017180727376565619, -0.07936700638597904] [0.00977414307908012, 0.053152552297141283, 0.064776712734880365, -0.11239839741292229, 0.0037649419685983677] 2.5178084939904957 True False -1 9.497680625347726e-05 
[0.10718913881910042, 0.10583846114044493, -0.018517616807816495, 0.25395186009775417, -0.48251124719782434] [0.042766150546418302, -0.04174101585385892, -0.021730026259382959, 0.061231176197633255, 0.0070827622743765122] 2.554671581921274 True False -1 3.2894993093890434e-05 
[-0.3136343615014139, 0.08533994654934907, 0.08632128048973553, 0.0627815233740796, -0.14960821695646132] [0.035359064147902415, -0.023456752817839717, -0.017755528293711353, 0.033208019313336175, -0.052698365034263867] 2.560890491322354 True False -1 3.1422537628778e-05 
[0.40039920373224436, 0.026125023666723757, -0.22227404926965122, 0.42331118570996173, -0.060550101327425554] [-0.067090017072595237, 0.0082306981731817223, 0.065197816641328038, -0.032905419793278858, -0.036545556823826722] 2.522191971493991 True False -1 2.9382725815096933e-05 
[-0.18856148957149899, 0.252805683281634, -0.02462816330805051, 0.23866364279469288, -0.05543566811587497] [0.0170043921873189, -0.012341842611587786, -0.024340821018585736, -0.015493700990267076, 0.024673547478703574] 2.5629344438912893 True False -1 4.318539796699383e-05 
