0.8656017799294913 1.1220002812782346 0.9064405789949519 1.0592066772117676 1.06894517636018 0.983565342213137 0.9943416080416388 0.9523228361894894 0.8326764610381793 1.0612843874327405 
0.9336486335850649 1.151183674724505 0.904042453021573 1.0200484312746307 1.0532020262959196 1.0925056089799436 0.8908608373053462 0.8912749045169288 0.9334310870934993 1.1728321042224163 
0.7893956568848937 0.8463917618067173 0.6750663308189108 0.7097876236575169 0.6911569203785412 0.7895533992013601 0.6869427917110591 0.6998843422037749 0.7488567567624455 1.0405490197112315 
0.9520293615584237 1.1943158441565684 0.8624332707437086 1.0060300469117665 0.9907342890216205 0.9861017171315277 0.9531466234002525 0.9739006691348616 0.8609912305291813 1.2039912962274415 
0.9351318166840772 1.2603123093262514 0.8467121038660591 1.044556240466764 1.0106646873010396 1.1119145470712093 0.8483143888984334 0.9097305372021621 0.8975109990233803 1.2816144327822563 
0.6175283895833207 0.7743879338290173 0.6057714180993643 0.6378362270092787 0.6810181286481929 0.7092385032786865 0.5803193342930633 0.5708855416135173 0.6324393542693736 0.8249635867782205 
1.1068358590260514 1.1131125786123766 0.8824959113583013 0.9053988460116612 0.8897666012120783 0.9933785278934876 0.9276693001882241 0.9414292456929321 0.9763113079702623 1.2777107162055805 
1.0642750607497702 1.1359005582735342 0.925842849901487 0.9298648931139945 0.9502222349879301 1.0903729008192684 0.8900389357476675 0.8871590537674003 1.0603211400946142 1.3666831500873224 
1.116101591050495 1.1114150160000316 0.8867483753154614 0.9381263845578436 0.9277277409075387 1.0530656307264514 0.9006629234052222 0.9309481725938762 1.0163973900968402 1.2310109101038798 
0.9475102085490618 1.0956513436589277 0.9147760384168393 0.9718149483300117 1.0026199364416495 0.9517291625998423 0.9897038052428974 0.964436155493197 0.8819167582631197 1.1032908268051926 
0.8567611123875255 1.1616405219435988 0.8054201903207017 0.9368628843863527 0.9302134862806235 0.904999230057069 0.8873010534765516 0.8985451757582265 0.7903107412912036 1.1931078429031514 
0.7974887133070548 0.8176823385949363 0.6766549103686123 0.6854856438484023 0.7048183619942587 0.768618425838537 0.6706051078629851 0.6727471698788917 0.7555611094586956 0.9073667019177892 
1.2293508746989874 1.094863809214232 0.9015826580095224 0.8690736827822075 0.8691728428404029 1.0279440080765991 0.9044774397617352 0.8813439884228059 1.0854371423423776 1.2896581910519263 
0.8997263246618921 0.9914325947040898 0.782947234461192 0.8175566822359428 0.8220306398749326 0.948400043115232 0.7606000879106883 0.7719909184628388 0.8889010071174981 1.171827226972377 
1.0215586658075952 1.1193927932708123 0.9000129038266489 0.9426547055687903 0.9602672148442954 0.9583969379055269 0.9720270965340467 0.9717433686999185 0.9137330481952086 1.1953156915853167 
1.0048465540155356 1.1606621025346857 0.8816262319026006 0.9529791922496326 0.9468779552318543 1.0359330863429088 0.9023031191162999 0.9206517031741939 0.9488815673443928 1.294594022002397 
0.9415994075594987 1.285464217730155 0.8912643719353334 1.1028358485666425 1.0832585446438296 1.0932075014967921 0.9450078317829959 0.9715612559734031 0.8891387778095264 1.2410350396132126 
0.9596898812698432 1.1570724971976394 0.8848696461655836 0.9724158978545266 0.9971998052472995 1.0794878937684136 0.8655263279389005 0.8791032010563409 0.9497871408212276 1.2277298301725805 
0.9156382596817801 1.0696387897944744 0.848872234400921 0.9072977519040653 0.9457426365939495 1.0368449707039864 0.8023966912249173 0.8118097841218318 0.9329851352855782 1.2272027106910857 
0.9829134954777141 1.0650848122842849 0.9554856689799783 0.9920492776074213 1.0087472350789624 0.9852481523569577 1.0052684920666473 0.9893181704690008 0.9370531865157025 1.0657476118633897 
1.0382871412608614 1.1668316279082993 0.9159906264516542 0.9422806444098566 0.9593246068010073 1.0169383980097428 0.9457502352999305 0.9402161952303221 0.9697792557746746 1.2800650624616559 
0.9761989285502349 1.2145125341050462 0.8758832126360024 1.0134921234944065 0.9970088561673671 1.0114110359164925 0.9540511413780501 0.9796348285955803 0.8874080739480547 1.2499175589492704 
1.0435637634205626 1.0308708751877345 0.840593254279438 0.8581031912009929 0.838993191569254 0.9972464191245094 0.8363247139990633 0.8474499977630082 0.987476449034447 1.287811081351818 
0.9990994297988035 1.1167267638782081 0.8790946273481444 0.9341299954609172 0.9424273513268628 1.0190702135946146 0.8869649768373874 0.8996779751419137 0.9495010975023371 1.2742529124170432 
1.1486982830394592 1.2892757518350444 1.089862851714185 1.1386473108750785 1.17796674840472 1.1866902789698912 1.1124002328976652 1.0953775461260762 1.1088743513733548 1.318352482039604 
1.0273648558269983 1.186627372628144 0.9055435198009572 0.9861265764711179 0.9879458162107311 1.0531307809244463 0.9357134901585684 0.9529052680307938 0.9606341446222829 1.268168523696933 
0.9805814984200051 1.0406809990503945 0.8288035005869474 0.8748516280743814 0.8770128616332052 0.9861101334195115 0.8212158557117895 0.8401701446350425 0.9334984063583782 1.2123652786603103 
0.9455174319595667 1.158855802432517 0.8868030434629284 0.9914583058099293 1.001011336715711 0.9639726340871365 0.9837463958262155 0.9751795811165611 0.8632366316954335 1.155190688843152 
0.6392529082470808 0.7545682578312997 0.5502735907883421 0.6312883822170623 0.6128452704509192 0.6904817095864865 0.5595196099867614 0.5894255726743385 0.6024073032225103 0.8249810452855922 
0.9041705328214021 1.1556946901787706 0.907925248071615 1.0122601176499675 1.0607945622884885 1.0254923042091018 0.9310818664533945 0.9079572218392337 0.8885191964257351 1.1576410027048816 
0.9105341851017611 1.1927988200823945 0.9262169071946676 1.066653631540587 1.0998612907554555 1.0295674250269236 0.9908998820311367 0.9604076065618191 0.877144914686084 1.159294119881708 
0.9825115928209971 1.147316277370623 0.8824060575689489 0.9410912751878244 0.9529568143552347 0.9930304677949854 0.9185859403499286 0.9217052993160154 0.9187854454685206 1.2467148315335521 
1.0843644305019642 1.1226162771739554 0.8934027693628058 0.9434668664865974 0.9460094846377157 1.0742102432147242 0.8859251049575408 0.9097285356231553 1.0234168549688614 1.2576461457079693 
0.9991323163862486 1.2228197135081815 0.9080869113604165 1.0223998151372866 1.0232357827591327 1.062881813313831 0.9482446839814607 0.9658972832969552 0.9385143749681893 1.2698184756728847 
1.0482062375011514 1.1207810833820029 0.9230181911830554 0.9351739591961739 0.9631628727449313 1.0101800977120718 0.9446591519284945 0.9369137242420711 0.9813431777834071 1.1937291624635415 
0.8672719816114806 1.1070225552609925 0.8937336839393719 1.0353974986484273 1.04014397257465 0.9429156338184743 1.0146693233242972 0.9732937586967528 0.8136847048381068 1.0501379336749537 
1.0154160023233465 1.0746921123564275 0.9556875542129251 0.9855205985094807 1.014397786673163 1.0432664226703718 0.9484535648854967 0.9446041675802905 0.9992978541146975 1.108252320136353 
0.9714546461809285 1.1026873632801963 0.9295596457962764 0.9851371833494595 1.0237730707257795 1.0488368367746888 0.9216459290241196 0.9121313052545533 0.9616814679205865 1.1345105172106753 
1.0145446637039353 1.196614036436891 0.9036056734141588 0.954987738231688 0.9622680237050677 0.9598158899383332 1.0020123013452613 0.9921472159021049 0.9047728362999257 1.2821160640779654 
0.6227412137597528 0.6746163758389219 0.5108518460092348 0.544350063770226 0.5289025425422446 0.5655380653085897 0.5651906948495341 0.5777603540508744 0.5373483860026854 0.7493813905366138 
1.1368969131069662 1.0820638766602702 0.8850449305548658 0.8787181798904421 0.8741442661792599 1.0062079834822535 0.8963688251398185 0.8955386793451489 1.024685204502559 1.2808472302692229 
0.950081703302191 1.1585525993011216 0.8687222379733132 0.9486484162160194 0.9597642721858258 0.9464767908614211 0.9490322296448511 0.9459612663129753 0.8650428515083181 1.2140033341999346 
1.2582353136497704 1.3405701852077319 1.1011820461960098 1.1024560229200528 1.13852718353622 1.1971848652496642 1.1267612443015806 1.1123214367730843 1.1738622169030226 1.443550447571911 
1.1434366142887225 1.1213124103645682 0.9263994314813365 0.9450285705617625 0.9609162419193034 1.0801267601557143 0.9108082205180494 0.9231115372168022 1.0734535583409341 1.2821135705225315 
1.0273219160830873 1.1651755340567413 0.9049773128932903 0.959413645370535 0.9633898021545969 1.0331612921918938 0.9307450240359667 0.9399050054396129 0.9641500845059736 1.311235519427608 
0.9235595700076622 1.2017870330041907 0.8778610432283985 0.9841337724185375 0.9968350056093107 1.0079201175716184 0.9155075935489355 0.9196288808360467 0.8854239250147575 1.2738538288271173 
0.9162486724585875 1.2497604410748235 0.9444943217783903 1.1165747682401255 1.166168544662202 1.1489353731189558 0.9431375360609453 0.9233899967163625 0.9275023166587307 1.2213186782121235 
0.9521217095396254 1.0681578426187261 0.7802281497659426 0.8566381617239921 0.8164051209292228 0.8549470554986083 0.9065606671478789 0.9343559409344557 0.7991686594582542 1.1923554644955177 
1.0483069858810101 1.1482817473620721 0.879097951848688 0.9809765922781088 0.9574500587702107 1.0466672888311563 0.9229866894134655 0.9625442648199705 0.9529526231454912 1.2094820867546152 
0.982466964128439 1.1895584471377343 0.8863411105960028 1.0043820999436983 0.9995536315231903 1.0195553610755563 0.9484779466734263 0.9666487245047622 0.9042763692731242 1.2276581372452626 
0.9732929890909429 1.1665190729459773 0.8852390547074901 0.9391456564067903 0.9552011008123097 0.9397349644797215 0.9735911863555314 0.9600631066774163 0.8791965564751429 1.2440561251093105 
1.0805963910411287 1.1328770212326822 0.9011351465521332 0.9220177262851341 0.9109812013949994 1.055437063730379 0.9047614299189958 0.9127627269214347 1.0243744470562068 1.3507917097154407 
0.9169940825024463 1.227666515396194 0.847966888284974 0.9930604021706144 0.9657198189694994 0.9836959397156856 0.9210605019837783 0.9468246855170526 0.8520300084452324 1.2953124750978897 
0.930424774813792 1.2101206646436373 0.8432957859375888 0.9981502505645456 0.9512876500700006 1.0384444152344516 0.885513394753804 0.9287675302588071 0.8810578469658155 1.3237140446647078 
1.0621508017155246 1.116675762342802 0.9007540491563325 0.9442203575792388 0.9580548035472626 1.054291339523009 0.8958485990804917 0.9121426098378427 1.0054511867889504 1.241391294299693 
1.1255854161330503 1.0702417521663754 0.8689658771748312 0.8224169237936199 0.8238806511480135 0.8645631411378665 0.9896089541621093 0.9638707631880739 0.8975161802566248 1.2275624812043346 
0.7016371148073086 0.8909912976323984 0.6468695567920245 0.7444476465006233 0.7425972510236221 0.7645551467891817 0.6762042004170986 0.6918194315358421 0.6626556640055039 0.9339014394967976 
0.9248885852160332 1.116694793980155 0.9171057862548934 1.0062268544387505 1.0386927443282898 1.0006332518238128 0.9605533502906167 0.9373945361136052 0.891524596319517 1.112621133284899 
1.0044546014843914 1.0807266986771102 0.9318764878903694 0.9700586733365213 0.9883840282322478 0.9905885341641681 0.9753537828783204 0.9699275280324763 0.9441028046587914 1.1030591431333894 
0.9604903976395909 1.1798139559952614 0.8726671540789868 0.9680836251493632 0.9627644595795412 1.0185603768863913 0.9067271756779829 0.9231938343923543 0.9093450495601338 1.2880169387426408 
1.099024524663335 1.1088810600211811 0.9128218726992734 0.9008466346868321 0.9199121051913053 0.9890008429210018 0.9409589719290378 0.9322728618125797 0.9947766187040278 1.2326336234362814 
0.9013025195864919 1.220960290884471 0.9165371835171493 1.0486053938878719 1.1116947259421919 1.1224179365055267 0.8887332620370306 0.8790218887266223 0.9250443258586468 1.235518318740657 
1.0121350182707414 1.1539752409153519 0.917349066931789 0.9479899394932096 0.9789322911927787 1.0424125729751237 0.9139533393764858 0.9093740705173818 0.9805840776839291 1.2883758228336357 
0.892823493311869 1.1492353171447613 0.846967734932755 0.9764044830691251 0.9921728668896578 1.0190776235513372 0.8601257549732818 0.8732186372096434 0.8677626325775702 1.1895990978146644 
0.9086814071181225 1.1500060722425445 0.8918726969005074 0.988300148590324 1.0264992704197808 0.987829979277162 0.9382631641375452 0.9184258741678198 0.8707184130422292 1.157433532823776 
1.0451733896278506 1.136713446342807 0.9024477326283916 0.929358661117786 0.9260155841485691 1.0813695017262819 0.8844677605779382 0.892616847124234 1.0286176333022479 1.3660763524533712 
1.0611801004278825 1.2889146229937052 0.9875451714616674 1.0413882983679819 1.0753575967731661 1.0169056142202058 1.109015633130026 1.0744204263627484 0.9532184011450378 1.3221069086127066 
0.8885507367494387 1.2070233676751223 0.9047229561333532 1.0433706109845111 1.0858196442201504 1.0369506351395166 0.9424886112662808 0.9183051151434587 0.8714176791250823 1.175029601916739 
1.0454292426167184 1.1639499490618734 0.856707859433751 0.9467795526114733 0.9113883435458096 0.9480640020344597 0.9803370558839133 1.0152987090307433 0.8814285493752154 1.2651710106929717 
0.8571546913252768 1.0276273393867594 0.8141889843711965 0.887268575982739 0.9324317235802854 0.9914920016344477 0.7764928071198465 0.7802728998540321 0.8706206171456959 1.0992117796232708 
0.945563410496896 1.1473604444773204 0.8486109640051538 0.9446670968875375 0.9137408229759106 0.9543759263918994 0.9333802723026994 0.9484218444868723 0.8642286496642958 1.3115587443372552 
0.9663537501713348 1.122436957635087 0.9123601589965924 1.0147024539475604 1.0128462962928113 0.9768216445090442 1.0137461157200065 1.00935122198388 0.8845146382329392 1.1114885253139675 
0.9821309018694914 1.1553355032862762 0.9076845859550652 0.9865022493128237 1.0072126877926304 0.999502772581954 0.964269477737947 0.9612496743167072 0.9121460349994664 1.1968622600875114 
0.957620654014847 1.1149234296995838 0.858931413680424 0.9185017334104668 0.9224400279351467 0.9318697921602785 0.9302543771318816 0.9306376288478234 0.869640674186894 1.2522776249512684 
1.0181681270639185 1.1275775932615513 0.8514505932267014 0.903744730543191 0.8649435309755481 0.9299825530291361 0.9601637888920941 0.9731584459915356 0.8843896708821383 1.308243708142481 
0.9239026138650059 1.1759654087360145 0.8756759447944603 0.9537120427028094 0.9488754602936231 1.0012491628645208 0.9115854833478622 0.9108463089045626 0.8970253340608507 1.3243084235750693 
1.0012113850299957 1.1556095250738143 0.8753313960053964 0.9742465121749766 0.963673553720592 0.9899997983915005 0.950670026701703 0.9722027498620548 0.8998471968916164 1.202794001799818 
0.9202062780403397 1.1553805302724307 0.9172560722994104 1.0385847476182224 1.0634324372325055 1.0010954458666668 0.9905279088188373 0.9656489836125705 0.873420562687859 1.1345691808774412 
