0.23618670822816928 0.2031950640385972 0.0014429134431925294 0.26186638901730047 0.2841643029425882 
0.09308961959399704 0.09232111700916337 0.08882872053244115 0.046415104558362216 0.07696637840023277 
0.1289164332182794 0.0014423196873991372 0.17717290398654997 0.1325088187062449 0.1691084046758964 
0.05506078325401274 0.04538827583690952 0.05402428579412884 0.05799309092508849 0.0014422906709049468 
0.0014840728568820778 0.6243446414627487 0.0014682602206554235 0.6264008319669718 0.6520547533587275 
0.0027310038979984773 0.003306723642535609 0.002795210034543385 0.0031480030329276067 0.0014422496496456609 
0.14140168297226507 0.1424239543537578 0.001444871890471527 0.18740705289154258 0.19326190449638703 
0.0968050439061949 0.0014422927627061222 0.11082637186989075 0.10313864770534001 0.08249878599835066 
1.2267202924523604 0.0029155797962086404 1.656490041524924 1.666293327641206 0.0017418386894000695 
0.0017161882591500033 0.44324468082445606 1.1342349771157374 0.9637811065295354 0.001530741507755028 
0.001442303981293788 0.1488164992028317 0.2182348710219208 0.0014436951215839016 0.2030078047614035 
0.0014875018647278395 0.0017937301815536702 0.14236358486388867 0.13478779007941116 0.001526254716355074 
0.09889965300229654 0.0014422977923486215 0.11229134334034062 0.09207231099731582 0.10233369753147802 
0.18083520115817617 0.0014473634235506476 0.22109004884460245 0.001442748671104578 0.2446918859374706 
0.7611753078439443 0.5599783837619045 0.6339675788989396 0.0014422941184188572 0.6672186484018089 
0.0014423011350175527 0.13802203932185295 0.15556936702859708 0.11265630700265805 0.12289650027614857 
0.10215644413571291 0.10304037603147961 0.001442601091908915 0.10472463038057069 0.12209961440026322 
0.15257647916009695 0.18869754718435824 0.060730122922279105 0.00144270180960641 0.1763194550898073 
0.06527817749868839 0.0014422806582464502 0.07798589108495685 0.031587993816708224 0.07601098301193393 
0.0503502381647326 0.06705906397417268 0.0014492953096284073 0.0014422811881269074 0.06859624481859342 
0.0633405019320805 0.05952261190286813 0.0014423657923782755 0.06604497236408788 0.06981287441442854 
0.0014581115296725602 1.4427879156692993 0.03120038132180324 1.2452100308872427 1.5082073224494064 
0.0014422745735205886 0.03792299076387657 0.053933736141051854 0.05866057462358796 0.06112549091312193 
1.1820329146488326 1.2188197770733677 0.0014841423233948243 1.2316538869416054 0.9617904105504688 
0.0014510185466541045 0.7063608856353827 0.7699774222391211 0.7538218716769559 0.7510133203234955 
0.0014946186132973889 0.4081771125044974 0.8259415682312787 0.0014635774331739951 0.8366020130261401 
2.5755113978206485 2.553965634059486 0.0014822887132690161 1.6369829191788523 2.3429801719041787 
0.0014422530030531052 0.08858273123289928 0.08987618882755385 0.07167059851378174 0.08264832315213144 
