c1 c2 c3 c4 c5 f1 f2 f3 f4 f5 LEHR LCSC Is LEinstein LCSC Error 
[0.44805530407923977, -0.2719157232436157, -0.3536541178158089, 0.31961129494006846, 0.23902659759772393] [-0.0036891876866569986, 0.36355345812823958, -0.81001934666644715, -0.39783866110888799, -0.35499748872096826] 2.536433085851194 False False 0.3727575951662718 
[0.02436706891903695, 0.02691725968637937, -0.21998662635553823, 0.23263067570021367, 0.4238041747705945] [0.15361550572774682, 0.6627906916855405, 0.0824853547974784, 0.26240616078188561, 0.015627152267792366] 2.5166436417659046 False False 0.21098330878542182 
[0.36603303280157284, 0.19538758488326957, 0.08772178276040155, -0.336773125487803, -0.4806856694959365] [1.4190899362202678, 0.88327705851244753, 0.62478487477618816, 0.71664784172375484, 1.4629160555327585] 2.517493091682704 False False 1.4263462745475142 
[0.12567572091296697, -0.49655189278095335, -0.049040744452794605, 0.4805141583427851, 0.008454979111620853] [0.53279591318888464, 0.23136180528642833, 0.18274140445391621, 0.15100765669355792, 0.2849696662183191] 2.5219892633044108 False False 0.11754218148527773 
[0.33151923154728036, -0.06089226181041418, 0.4930026595655812, 0.2694501229191957, -0.4024783827942826] [-1.0887631496825894, -1.2524159250943234, -1.0006784969172708, -0.43369486914911454, -1.3589991423279983] 2.528381125496848 False False 0.12615998427357855 
[0.0016972703995157268, -0.15288537823657988, 0.4126074955892197, -0.24683752808912118, 0.35369116393581035] [0.44085834600860746, 0.14268049882228664, 0.3152352173338504, 0.86909164887872892, 0.43935655802809137] 2.50981544557166 False False 0.21620627932686087 
[0.3951130621367932, 0.14705601517655875, 0.45779708211653924, -0.010785361130200566, -0.1826617762059719] [0.19483296931096322, 0.40463217738752116, 0.30117606306618588, 1.0041047307490338, 0.24858852227127792] 2.5054396157352503 False False 0.6081253406262599 
[0.3260980716743681, 0.3531513456463595, 0.34891796794609353, 0.32402722539080864, -0.46392835801510746] [-0.41756948111150227, 0.080009439575430386, -0.11933924656477454, 0.51629854016162913, -0.3137932852740557] 2.519399031154897 False False 0.2588985973948903 
[-0.4010840472717745, 0.02798161586980563, 0.3357367458421363, 0.3768508739145846, 0.005858518649399347] [0.27698182404195854, 0.291359861090985, 0.40672067495435288, 0.30376697333580654, -0.10958957115436449] 2.5281428265128576 False False 0.14368862474612332 
[-0.061654772315717254, -0.3770033586352587, 0.450853375033307, -0.47117819873785427, 0.42787675266471803] [-0.57377580088685876, -1.3621105879650961, -0.84742238583848195, -0.36828748506071879, -0.70740663097349044] 2.5063843966607293 False False -0.28525653805896845 
[0.27478972860791795, 0.23456501124285822, -0.3234693140661301, 0.4467910948891747, 0.2521144615716636] [0.47794780943450971, 1.4569837417127967, 0.37288655540148685, 0.82024184211986806, 0.37726493268579275] 2.497970203919738 False False 1.176451048705884 
[0.27628820152345457, -0.05673074999132732, 0.2761487737420796, -0.4945530041620968, 0.3326878675045387] [0.039457853393004158, -0.21520392135636746, -0.19191535817280309, 0.42195369575421604, 0.20272817520132622] 2.5041190234489004 False False 0.1305614361925187 
[-0.20785038370092235, -0.421812710590044, -0.3999922679870228, 0.3129617240164345, 0.4071177318870378] [-0.060594370030171263, -0.07265234692597676, 0.2571681724014474, -0.39252596897252856, 0.20262466177716032] 2.523592491642732 False False -0.11959852622942169 
[-0.22554493641786033, -0.32675866901474737, -0.4552574444065868, 0.21865888801057487, 0.06981445520889673] [0.019344396245397653, -0.22858698223709545, 0.26540277195518525, -0.44530605747486873, 0.25608311973605191] 2.509204577256764 False False 0.26313202274032665 
[0.33772969021821386, -0.4119448721813931, 0.044696285828841886, 0.09999055260194312, 0.23152534972967598] [0.83996534573328518, 0.59401057650094824, 0.056144256760528394, 0.48090317918692005, 0.35016583268052925] 2.527252593423445 False False 0.36104109376280036 
[-0.2220170702810964, 0.3083411705397019, 0.054243593833649295, 0.32031954907160587, 0.32288498450506387] [0.49844313502703458, 1.2591770212295934, 0.69881258932943058, 1.0612351947727869, 0.45964855414051708] 2.494523014740962 False False 1.3870220781587062 
[0.09902320034546397, -0.44858302244853954, -0.39315541764359463, 0.39059659684901604, -0.08690438315834392] [0.94093963688554028, 0.58938261232130074, 1.011882682051864, 0.46622570009943731, 1.2503681981855133] 2.5272175584562664 False False 0.8936230581151818 
[0.3549859777656176, 0.10718999913194871, -0.3731217365753714, 0.490833293525206, -0.3695290267210072] [0.46577238077314581, 0.90868722520714229, 0.36402064417237018, 0.54022199606469712, 0.66091136554166852] 2.5693748833410304 False False 0.00011351343761134558 
