2.659747199722587 1.8360229756229527 1.5381672867514806 1.4912619341772875 1.4778303008366025 1.5449145193858282 1.8021233058606778 1.5825884376890076 1.3840166959152502 1.7542085663905056 
1.6145748350980424 1.868986633499453 1.9146805650657488 1.9712346858491907 1.7244613733882668 1.5518335097337226 1.850422544482191 1.9838764021918605 3.325813984308591 1.847394992985211 
1.565034164337032 2.2149046607616047 2.249608887344541 3.3684855274684926 2.095588515844622 1.9605792871192775 2.252933457721989 1.5290290476308928 1.8423753127513058 1.7182238225227962 
2.129368389271778 1.2181826505849846 1.3308620463763525 1.1733429904226889 1.2209104064502605 1.1503347546905547 1.2755302837500533 1.0187719960844042 1.2001533259273416 1.2493522174009193 
1.3741202915228792 1.2828670467419547 1.1382816353728302 1.210313226965483 1.310261659889388 1.1594435250691915 1.2042707613895356 1.0753901656671672 2.0922863592675887 1.2069825354534738 
0.9418181902058435 0.7378446081270829 0.6181043131384981 0.6179627425365198 0.5966356228633918 0.6914701093705476 0.6490383523786769 0.6471710961425104 0.7042748321900812 0.8776199332258157 
0.9763081240229984 0.9190345876564177 1.0940090043190833 0.9930084646109236 0.9489228580170926 0.8399266912822985 1.0079055387975033 1.1033555336336265 1.6499567396078398 0.9426673040479083 
1.337266908364105 0.8812599866396981 0.8063007005726446 0.7482631585194566 0.7229298274532018 0.8559538186141412 0.8386639066044269 0.7299023753222743 0.8788193691166645 0.9195179255672274 
1.0890465086562904 1.5999979508650413 0.8870013540961389 1.2418494437606349 1.1845769958589993 1.0113887040470209 1.4057502289040353 1.7784226041208395 0.8506659000974268 1.4364361528063259 
0.20129629599242335 0.20801976626442353 0.2473310476431312 0.22349890026825034 0.23310708435920632 0.20935346856725337 0.2086304149291492 0.21012898739061242 0.35101704121277894 0.21728284924002078 
0.6596037146369095 0.4154802599629768 0.4278486368440513 0.369582529101667 0.38557186522497267 0.3931857070624016 0.44160839496075 0.4711598178406867 0.41259441102509287 0.3850116195953469 
0.7069706395236584 0.8089181716264373 0.6850945707195385 0.7444686228033909 0.7863173224248119 0.7213146678932345 0.792102113466657 0.7958070735447115 1.397370874594485 0.7708384451280365 
0.9692403245377555 0.6852224288468671 0.580642529449838 0.5499118813083375 0.5480621594651749 0.6106267202493092 0.7217372173031427 0.7312768283821672 0.6118179782427291 0.5908451412956099 
2.351813598789059 2.375028892607022 1.5519629649408877 1.787252678149039 1.524088052635604 1.8153363670552256 2.1473985562240934 2.4277416399186724 1.636625975459082 2.758294670574487 
1.2521633735829336 0.7554292666630569 0.7927773381240212 0.686321085742312 0.7234571269413699 0.7152502885570874 0.7786762254557491 0.6489078935739531 0.7759440452139857 0.8049038321398911 
0.18271704530124927 0.2065401234586395 0.34943693524177477 0.28461257496030073 0.26189850656406555 0.2737128834777661 0.21606653870169562 0.21055724288422148 0.2380210806220159 0.17609361580415572 
1.2049091460963464 1.1291140036662775 1.4676467282681211 1.2529773271965587 1.304593909739116 1.213911091462062 1.102761082517308 1.1627907559065782 1.8674654690050896 1.206635002268276 
0.7283526639295188 1.2935087171009365 0.7188641221834172 0.8501536797760957 0.8610791884425528 0.8099329761151621 0.634414558430541 0.7501310620768995 0.690689509408979 0.7717519077576593 
1.6459084462442393 1.1966754171177094 0.970278692544794 0.9664020618965162 0.9444733262183056 1.1098246701138221 1.017897936008699 0.932038090444219 1.0412732307381134 1.1889526428818116 
0.8115521809112574 0.8708432792829439 1.5006325977120731 1.1329981677053165 0.998812892673918 1.090213825289879 0.8463877275992072 0.8953937134135053 1.0961609120649285 0.8164136292679115 
2.0152076464340327 3.1292814128609234 2.6764725853313203 4.126751633642055 2.8291752374594408 2.944016626975974 2.9185469018812893 2.218239474076181 2.103236090207268 2.487142899980001 
1.886887188601137 1.7140227887945503 1.6653295200675373 1.3964434945357986 1.608586627725035 1.5268661042755278 1.7169617652567708 2.6493445377874716 1.6073148876999932 1.7792036206292259 
1.1383926480196656 1.2252336591703117 1.4270131652306075 1.331817925392684 1.3942305208695835 1.2282325916529817 1.230720240974188 1.2288343497769152 2.074312296521881 1.2509654727812551 
0.8286954828875328 1.1339600601044182 1.1436970767848857 1.7531860227388936 1.1349277184641513 0.9355502615825991 1.2732648378010802 0.9140376142765348 0.8873140313333796 0.9405976531197848 
4.834324229576544 3.0063142314417095 2.9794713118040543 2.5499478288842283 2.594711603139984 2.8146950846942995 2.887564091468026 3.008454606261742 2.4007650015193436 2.852246311241953 
0.7667254231243448 1.0878934041730046 1.134193236672315 1.543112740018697 1.1857486183457329 1.0830291294125782 1.1105652557334909 0.8378354019562639 0.8937144360267454 0.859493609838024 
2.195405530343064 1.3877830311174706 1.3902190513134087 1.2678208296383602 1.3967469592322685 1.2736005667417571 1.4788945956082 1.4466350339765623 1.6826617698880848 1.413403145076558 
1.1843131059319476 1.0785645392633243 2.019076220984669 1.3316536706799895 1.0441663964804344 1.2493964741302743 1.1211037763902492 1.3416696348802024 1.3180130941132358 1.0390139874083033 
1.5102765064897583 1.4119092426134332 1.6918998186999876 1.5391333293460476 1.55921327860848 1.298325215186387 1.5600330366671504 1.6412401621055495 2.523881688899225 1.4836545306321125 
0.9005003971087286 1.0607011049525146 0.713066346983845 0.9228639871887534 0.7819968291705941 0.813422399661645 0.8842390637836748 1.048535703729006 0.711959582048755 1.3507739922862743 
4.840035758887354 4.995638714141187 3.5260966385202464 3.585152348966311 3.6756306690075222 3.868736622455323 4.412874072674968 6.414134402891427 3.5880113299688468 4.855812248651762 
0.5712492233043651 0.8209538266687206 0.7961777548981737 1.2148250560811722 0.7540148640363273 0.7783076469680941 0.8204595857714584 0.5735854493382889 0.610660768198378 0.6792113295589789 
1.9374016843420572 2.915457986861776 2.8911589156059665 4.5636703654306 3.0772456348445982 2.8068654628720155 3.397019876963315 2.362483856000631 2.6594896122808986 2.308787445428862 
0.9692383858532558 1.4375084252619357 1.5889404407372953 2.1292794064488865 1.517775209857151 1.4710072502924927 1.4672590786582795 1.144992518673723 1.372241649960626 1.0580518200018179 
0.9615674325503946 1.1139715208389682 0.9116378161798601 1.0360118279955064 0.8877912283695154 0.98024090335783 1.026392944913053 1.1001723718870287 0.9174248236693502 1.646316122480351 
2.6135631746761367 2.569169974633012 2.2899467408975998 1.8803786309545627 2.135024648143018 2.263277991697145 2.4195621343588507 3.8103857897861375 2.3530774110038917 2.4539892903550444 
1.5203116424480232 1.5961717483506843 1.6657665128685828 1.6706075757711787 1.6446252740425762 1.703546758334988 1.6555155967243311 1.505216911632135 2.8590564273365433 1.8465124827018615 
1.3549109176157337 1.3509873082883752 1.7858692044841886 1.5915529991208053 1.5728478136809743 1.5264361585530253 1.3933417165602073 1.4402903783063128 2.253413802303763 1.3630783385416418 
1.543407600614668 1.4559117958816306 1.7671384581403375 1.569012695717719 1.6583484878273551 1.4489345630877644 1.3990508764707676 1.4867692801532686 2.4951810118331905 1.606416826829498 
1.3848053864674572 1.5266324440539965 1.6877974035762502 1.5458882644669578 1.6889921741987743 1.8036274928657205 1.5168095351819273 1.4510387171363683 2.5207669150130183 1.5449490857684784 
1.8546032893545246 1.0591493789878088 1.2278638288364274 1.0151313400689903 1.0323646397751698 1.0312154191960416 1.248770647155952 1.0617167573376245 1.1383719687935518 0.9479984845063677 
0.6866556313074902 0.8221084683108655 0.6757858522271859 0.812626471674674 0.6666468744855358 0.7326928319247077 0.8177643118923197 0.8769784830871699 0.657602133070068 1.2800273591740938 
1.9832039356701352 1.5950494784236324 2.1463221456808617 1.725330812988169 1.7208477010758148 1.5043756066422473 1.8981988333113793 2.036461112949135 2.777002906694919 1.6646757790125617 
1.796521702593961 2.180527260588852 1.4572010026032864 1.845338562994909 1.5945636974166633 1.5608000175633976 1.9311055427967732 2.425646823502219 1.3869715201471324 2.8694882660192893 
2.428728801404055 1.4527370175881935 1.760138995390973 1.390076749241857 1.5505364566966242 1.390517343179504 1.552363549508282 1.3765616981236204 1.7116997622207637 1.4652967665527503 
2.458695483667653 1.7074040554767465 1.4649124569565792 1.3760063486458962 1.4180751985696431 1.4649914200931646 1.6631866030620042 1.5087580227145394 1.880288850553742 1.5822667120488991 
1.7344497928947633 2.6754096255297517 1.5237858739010355 1.863457236463556 1.7155679476658738 1.7112576622780487 1.5787262456940252 1.7996094576286008 1.5351233086129266 2.055931847581648 
4.097390138568008 3.5667913460739937 6.4828247857876145 4.213867595768928 3.9320455176965647 3.9727326510063725 3.169797349611945 3.8993521615999085 4.293359156253987 3.886995272684493 
2.456672552904301 2.248344509896668 1.9792708675706205 2.1623086140615704 1.9277369115557432 2.1501617650950378 2.2582220439144547 2.400379037769198 1.881651368682833 3.492156282877336 
0.6577781914031775 0.6297644014067099 0.5381857150199301 0.5469759877083464 0.6091792062796688 0.59090858071041 0.6278614788288595 0.5450114067684437 1.0103751547836417 0.5686280812270731 
1.0724007471517571 1.0301487610534747 1.8476877998102772 1.350293401501076 1.1692998404987447 1.2973705294801936 0.9910932638873539 1.134506863887868 1.3194135182065445 1.016637038063479 
0.8773250023366382 1.2561605852912965 1.4333443713044431 1.7552090518034225 1.3960376876641596 1.42724305028006 1.2020949708847897 0.8776296658502027 1.1521087275234743 0.9978113947725221 
1.472995689160457 1.091796792634495 0.9176992297099692 0.8915885195980521 0.9840898118669748 1.031468052834238 1.1503695393893991 1.2662054004031362 1.1301073167880094 1.0947572888428228 
0.9264467074443375 1.4788954140384105 1.1668433752671554 1.9559625723830538 1.1762366264502138 1.1817282638042392 1.3205249254121183 0.9771924973815402 0.9296415875302749 1.1443411450028111 
0.7114504316347388 0.9600008007883691 0.9531036663236166 1.3244518742033522 0.8063715047027805 0.7045481542146141 0.7852870265790586 0.5992075721263935 0.62502019839088 0.5126588232669618 
1.1816259169372656 1.1112703344815789 1.029688754392231 1.0596719288881087 1.1364233854768173 0.9633845455719151 1.095890409516035 1.0233718760755066 1.856817747571586 1.127021607171982 
1.6432265955303205 1.1161258681092237 0.98677985695063 0.9443024370378961 1.0278358961460092 0.9282543151714032 1.134498145483165 1.1788902009805227 0.8513437662258085 1.1343250292757716 
0.7942593543577593 0.7315757550758127 1.3437500066689956 0.9893579402956789 0.8278274682515119 0.8195646471160898 0.7416052466975789 0.8133247074751203 0.9301257546357549 0.7283331141164108 
4.36990188494848 3.8127118277569596 4.78783523656573 4.085891368617027 4.1511719017253705 3.554836362253728 4.13777077007604 4.429632159867483 6.655161678251868 4.078937825844429 
1.4028858740845105 1.2880783314010333 1.7902315716108397 1.46350123109674 1.5460645918597185 1.3746747645097643 1.3487869673513175 1.3992842020211458 2.0944517947383092 1.3565807243019306 
1.1706745636744638 1.1433490788426959 1.4468706923670218 1.2565787946634523 1.1991217846525206 1.1779324496144505 1.2765094215510937 1.288448542852827 1.9227531787029348 1.1160030545277078 
4.719512723358038 3.0284751898432996 3.1311414822805004 2.724537764663039 2.774784849810446 2.9272888574120963 3.141475357910598 2.825603949377864 3.446190291619931 2.7841743919864848 
1.7901462475876475 1.7282562796875534 1.1888256358120286 1.3888722681391044 1.2068825522932318 1.39138516950974 1.4641381409231395 1.5828048897886222 1.2255958995577612 2.0347114061626006 
3.3482398925705597 4.209075391554796 2.44452283026113 2.8842876456219075 2.611374142071318 2.729346087439549 2.937287788071254 3.3119394617166 2.5596206394767163 3.729902953771921 
3.7607169987137667 7.155599593691652 3.533140494902139 4.700380632306187 4.013861183135412 3.6115109117841824 3.5337841829018797 4.742244080102177 3.654440165132719 4.3821054688725525 
1.649603972213961 1.523498172349003 1.6246400334130673 1.3997214598717431 1.5026805555145202 1.5477683458623934 1.8300627212105076 2.5588608032703437 1.702881352140005 1.541567719786755 
0.9900140503499816 0.9654083090371681 1.0245179925298515 0.9708967227020529 0.9616897623650555 0.8516848602057978 0.9883616737659076 1.0252229531633825 1.6683040137607916 0.9541032586805872 
1.926577531502834 1.2986478898116285 1.2938638986612427 1.1240353323320138 1.2137348038994906 1.2378101562370398 1.2271175700095802 1.08297447423845 1.3568542613292702 1.4970780319519084 
0.446307418821034 0.4293863257832761 0.6102464583403586 0.5277635121574656 0.5301016172063056 0.4996998800815081 0.4497159232537104 0.4704877224667472 0.7068880741071217 0.4371576523905398 
1.0012311122857274 1.065170816741337 0.7709528808061796 0.7652470929920626 0.8142211280009517 0.8172736072719206 0.9303251829626344 1.412136308891539 0.7628038454827906 1.0826200363796126 
3.462941761512552 3.466779170024287 4.330588732516009 3.4582563554377224 3.5162827411166475 3.7616255891483767 2.7522864361175854 3.007763053801045 5.352916724868969 3.8290192126117875 
0.8229091355775137 0.8834004533370262 0.7404948646222759 0.7327362422657785 0.7660293770572214 0.6435549822228324 0.7432368053924672 0.780409654961912 1.3261245458582065 0.6609423785429618 
0.4213801050102134 0.35214747774861016 0.35090221037950986 0.32314831179175524 0.33218787856620907 0.3400057340352639 0.3489918841958177 0.3316485032401865 0.5319141425739556 0.3467889070456097 
3.666213782567611 2.9656892766495706 2.1883658924081058 2.2469955024277937 2.0549829657379024 2.612915104092698 2.483123805016438 2.4555122097962214 2.509828326096563 3.033566196294731 
1.6153951135888833 2.8588420019604857 1.42036254653345 1.8509464612727038 1.5953836429221517 1.3536402940644314 1.4984150777761445 2.047587748162287 1.3833776691436248 1.8217076519290991 
1.702936490562924 1.124995662904632 1.0857297360016167 1.0059294004687203 1.0180573035282923 1.0725461129037974 1.1913939767517854 1.1772410201905414 1.0751757308925185 1.3566420496317 
2.0279470132627515 2.2282220500865804 1.5533553733376433 1.8225245542611277 1.4411620170707813 1.8370829619943991 2.0066718718236047 2.2723264065191664 1.6500888454837013 2.8986077227057776 
0.31089730452624503 0.46920445017508206 0.4304159339884943 0.7400753172815131 0.41941854185157673 0.35164812752358454 0.5117984342835573 0.37336699532022594 0.399473669668289 0.366253052681031 
0.6644394020341576 0.7822071545087487 1.2229581152876108 1.0844327306213708 1.019365933380261 0.9873141864499376 0.8046969846921878 0.7418756329169192 0.8515427714041542 0.6613343584536666 
2.070580723804137 1.4926884701036978 1.4026897721469664 1.2749694591221192 1.2940340647866178 1.3688399821801156 1.5861655437824331 1.8525947278921442 1.4564879502828327 1.4517919271171977 
0.25603380551822846 0.25932163873234204 0.23664515374326256 0.26306922707511465 0.2063210432287027 0.2583849671695014 0.2677916392217178 0.2846176135372862 0.2426229812419895 0.4438450797082597 
1.2870259197082463 0.8819429608746698 0.8302587041056514 0.7321640888859738 0.7282719757971106 0.8444000536733784 0.8492783320618243 0.7500965087865223 0.9528914020842377 0.995266253311369 
0.6452414686273119 0.6767364413239682 1.3500901383213801 0.8560027750057401 0.9372989574277057 1.1849692743714157 0.6795269376840546 0.8253295467348337 0.9559087549377709 0.9933549272965926 
3.678111576358626 4.615607841139017 2.9705804392385655 3.2281787360732337 3.3380866370082365 3.334593811885648 3.960188492165195 5.850150962017426 3.018719321830876 4.446771233828073 
0.48625203696962266 0.45356686399283414 0.41798557692494753 0.4494130585680674 0.4894279624922052 0.379953587035526 0.45832570081082374 0.4233930348816714 0.7865187204033429 0.45528855719368333 
1.2191814247637072 1.5357290200302007 1.4270165968673625 1.3664028700584285 1.4829718950171318 1.3693396615025124 1.505789440160895 2.3686403170779204 1.2834839822450341 1.4718712385887087 
2.163309613636054 1.4669414959514613 1.3582107302261404 1.2976537259294016 1.3598623524600972 1.2825508134040517 1.5189870816557154 1.6656372777709871 1.2361687949273765 1.5055038657360909 
1.5916255939604131 1.9554395341608035 1.199476169043913 1.3105552496435988 1.322549222041425 1.402735942141845 1.6215526571556163 2.4746618040755295 1.2532814580320075 1.9779189175931557 
1.7212804650753197 2.0169504597856673 1.4344522827949158 1.7404878839479379 1.54300908374015 1.489237122538601 1.7366683708309882 2.0411759327385433 1.3818510200892138 2.6463843107588882 
1.8087724499263869 2.8784471537886396 1.6257979127167188 2.1932375960475876 2.017034659743735 1.95508126064174 1.7540452579743464 1.9754186091276498 1.6148883585127554 2.3726951995186436 
0.43562192483348866 0.42265405172098713 0.4429811662930127 0.4157270527671659 0.4186284258458694 0.3865677643091779 0.38564247561179354 0.3862976737662659 0.6957591824094221 0.42498630796131437 
1.056185514210405 0.7615174324574755 0.5524157895628248 0.5976681427640825 0.5557169320817162 0.6367753110261574 0.750327325932015 0.6814660289151003 0.5558847524809247 0.6481358722964466 
3.05377999285941 3.0910907154789977 2.8302005570781312 2.8132576152142312 3.177819151239426 3.009878046421254 2.912764663428046 2.631874493649555 5.156875282321817 3.200087207910759 
3.0443075933333223 3.1778117440022764 5.4642938079781285 3.9367503736769724 3.5445529179379984 4.077765362652761 2.8335087528727536 3.118159151495321 3.792557255296171 3.105923453001236 
1.1457487775884418 1.2220289730785934 1.3339138738584062 1.195066619159361 1.1703125965096204 1.3078907602158114 1.2184722830234518 1.23619570595352 2.0343042998334893 1.2123314928551046 
1.1037523457632437 0.7247999116936998 0.6357827190901657 0.6331027574731077 0.613003969369671 0.6777382812451752 0.8824141307729964 0.7376638629804106 0.7786634247252641 0.7434060126118522 
1.817601648188724 2.0288860473870556 1.8599996118973405 1.8544845740396378 2.1952602884528516 2.1515659293362224 1.9505307403394008 1.8632884931825464 3.568829074821758 2.2984218920481942 
0.9683041354297308 1.0579585469454569 1.1120074655152214 1.02569593211995 1.0412741908119125 1.1054382328862404 1.036086164646573 1.0474930552891124 1.7908825593751951 1.0850865881256961 
0.9225520157974648 0.6365838244486884 0.5554342869035718 0.5155327080858111 0.5376737985324158 0.5608016509257439 0.5970762822345042 0.6785768358769921 0.5341184274411014 0.6256277763745962 
4.1740245561679 2.3906458753090347 2.3941433168648367 2.2886011456704365 2.165541671376971 2.4240390369764544 2.642552294732473 2.1198390606755524 2.244035693220573 2.5187063380984873 
2.8631585473344794 3.1444571368453236 5.615595120058187 3.9468380042080478 3.177396930444484 3.8070394395546714 2.6913522813753494 3.084165073003197 3.412230831301825 3.0056441289610283 
2.1318677501827885 2.195178125735575 1.7088263027193493 1.6655104779966958 1.8222936158536724 1.7406818815576306 1.9692260854340222 3.055487770613976 1.6472740029016677 2.383025368939835 
1.5236185018247326 1.0606103272642546 0.8224699826771417 0.8368618911237724 0.7871342891420904 0.8808832687467469 0.9443422789019853 0.9164434096020556 0.7990066449172877 0.8412232203901331 
2.2664047323993 2.0339277856468283 3.8154106082343295 2.684291677962096 2.3269603473731473 2.301692906129198 2.160427462493228 2.5563857504493033 2.7433816809803706 2.0559842377447497 
3.253991971484612 3.3353358945679275 3.35505266333742 3.246751838969524 3.537412307044814 2.885070942196639 3.001408820979109 3.0072236191748063 5.698057049690375 3.6207280620212474 
1.4312265653773295 1.0953006824459275 0.8628647888282445 0.8361410231868731 0.8344505683166638 0.9332170469424699 0.9707804332765615 0.906900684963123 1.2137733499639962 1.058934151097241 
