c1  c2  f1  f2  f3  f4  LEHR  LCSC  L-Einstein  numberRestarts  
-0.7474005901525409  0.3099179308237785  0.45287137417690854  0.4532428274526526  0.45316729548436097  0.4527953038282735  4.991384945524791  True  False  0  
1.220114609755666  -2.4330090616635793  0.8496987850074369  0.8493069859207404  0.8496987935407301  0.8493069944515946  4.823328999149488  True  False  0  
0.7975021801596105  0.7683286932701279  0.3959661577516083  0.3957476513172291  0.3959122094728421  0.3961305319978403  4.900808376955179  True  False  0  
0.0299908374059088  0.0781721599532661  0.4684344718530928  0.4685619525736726  0.46859542669506227  0.4686596620252124  5.0501650598746215  True  False  0  
0.11008065741908268  -0.22569119648604463  0.37414731286625086  0.37426974684051373  0.3742231406264377  0.3743987462029154  5.044785786122989  True  False  0  
0.23995914832024923  -0.6693966902517179  0.5012330828197414  0.5003294414905003  0.5003294217729207  0.5012331024159006  4.995760468148865  True  False  1  
-0.2407273328428836  0.09125591089320295  0.5239283089362592  0.5239655654345309  0.5237651302901761  0.5238696790870058  5.04350905506672  True  False  0  
0.3047428382199886  -0.6926968863393048  0.414332416965217  0.4146336380905733  0.4145092902326294  0.41448622553056996  5.000387951976658  True  False  0  
0.11762357428336934  0.21429158545695515  0.3333162869869379  0.3336426519243874  0.3333084218059928  0.3336474609780616  5.0362157347635375  True  False  0  
0.3793832291911903  0.09366529393037482  0.7057916359257941  0.7057916359006227  0.7047750558230267  0.7047750558487474  5.010709111433439  True  False  0  
0.3207538825278142  -0.565594836451333  0.2511461214916432  0.25097132498813063  0.25090652623252624  0.25089189814004426  5.014683829861108  True  False  0  
-0.19910547426672487  0.19359113021822605  0.49567208429141596  0.49592987785319564  0.4956397820633651  0.49592472921356584  5.0428885136531205  True  False  0  
0.24151595877337861  0.4595442426922691  0.12543118678092727  0.14167763606213674  0.1254311867809279  0.1416776360621372  4.9884357741339365  True  False  1  
-0.5612612923829445  0.3338282951916449  0.4795877925261599  0.47991036207074067  0.4796115519657213  0.479923718602301  5.014029273603357  True  False  0  
-0.3316815202371508  -0.015540862300197134  0.5609267209682802  0.5598968465065778  0.5598968465082635  0.560926720970379  5.019728037572901  True  False  0  
c1  c2  Conformal Variations  
1.0097767214035098  1.047727146004033  
0.5114111244121302  -0.7031330694138553  
-0.12865201641873103  0.43460031717483183  
0.5460041618799867  -0.9000887758611773  
0.6584272244313532  0.5389600156746663  
