0.7985341548919678 0.03902792930603027 0.7595062255859375 0 0 
0.6284189224243164 0.013008832931518555 0.6154100894927979 0 0 
0.6604399681091309 0.0030019283294677734 0.6574380397796631 0 0 
0.6364259719848633 0.0020029544830322266 0.634423017501831 0 0 
0.8665771484375 0.003002166748046875 0.8635749816894531 0 0 
0.5733828544616699 0.004003047943115234 0.5693798065185547 0 0 
0.6284191608428955 0.0060040950775146484 0.6224150657653809 0 0 
2.0793869495391846 0.0030028820037841797 0.14609694480895996 
0.6754500865936279 0.007004976272583008 0.6684451103210449 0 0 
0.689460039138794 0.0030031204223632812 0.6864569187164307 0 0 


8.262511014938354